离校打车点1 20 180 0 交通便利 0 0
计算机学院 68 275 1 历史悠久，学科能力强 0 1
卓尔体育馆 88 335 2 建筑雄伟 0 1
武汉大学牌坊 90 560 3 必去打卡点 0 0
武大附小 165 60 4 小男孩多 1 1
桂园操场 230 300 5 活动丰富 1 1
总图书馆 265 425 6 底蕴悠久 0 1
万林博物馆 330 370 7 展览丰富 0 1
樱花城堡 320 175 8 俯瞰武大 0 0
樱花大道 410 240 9 网红景点 0 0
水生研究所 370 80 10 生物丰富 0 1
居民区 390 595 11 宁静生活 1 1
九一二操场 460 320 12 伟岸 0 0
工学部 550 60 13 学术氛围浓厚 1 1
珞珈山 560 470 14 郁郁葱葱，散步好去处 0 1
梅园 580 590 15 感受烟火气 1 1
法学院 680 310 16 武大王牌专业 0 1
东湖 830 80 17 美丽日出，拍照出片 0 0
枫园 800 340 18 校园生活 1 1
离校打车点2 850 540 19 交通便利 0 0
